4.865361014619013919e-08
1.079634968907909320e-07
2.551190814182151316e-07
5.827636795065870230e-07
1.411397259432697949e-06
3.556403754678920427e-06
8.717996993704612619e-06
2.320467115957508035e-05
6.319193211073958463e-05
1.769283716687096680e-04
7.636747969792250131e-04
2.354685663766657982e-03
7.264566102457617990e-03
2.530949078631345231e-02
9.220282277390773329e-02
2.300935420727596159e-01
4.223337782148672837e-01
6.137822520911826452e-01
7.469490845785229372e-01
8.292495977192879675e-01
8.815515787331286157e-01
9.154123799834589237e-01
