6.739333469467883233e-08
1.433562407919645565e-07
3.162607051248095809e-07
7.032364548560599797e-07
1.621505186092730652e-06
3.821585192884789057e-06
9.179984875099143161e-06
2.106447368339380596e-05
5.588803507245418184e-05
1.576485687763674274e-04
4.552122238472354845e-04
1.323625530128199517e-03
4.252543440112931464e-03
1.508578435201094782e-02
5.003840134863905831e-02
1.520901683657467085e-01
3.036130066008740913e-01
4.908568464280524402e-01
7.012570092217240703e-01
8.239708556082675495e-01
8.694065375178300359e-01
9.194774607207771844e-01
