7.088600825962294982e-08
1.544058207174964851e-07
3.543778669121060042e-07
7.952011271276496507e-07
1.871308090975320004e-06
4.366698053440752407e-06
1.023779888580488938e-05
2.531188019630306628e-05
9.191644482258061726e-05
2.237732432513037301e-04
6.164352062951792112e-04
1.825484683093766929e-03
5.622251260099331814e-03
2.057297892481694049e-02
6.932135609625411643e-02
2.079647352485215483e-01
4.079640552737404113e-01
5.952741844328265364e-01
7.377157108602209190e-01
8.278820783089834157e-01
8.762641716068513276e-01
9.106683226284185695e-01
