6.411553200273276609e-08
1.401290634359987884e-07
3.041956836982045413e-07
6.726076381987249347e-07
1.614537228489961874e-06
3.778965976616717890e-06
9.289316300676528167e-06
2.414504502100586804e-05
6.298598574659651224e-05
1.711264717084598507e-04
4.862894130405656635e-04
1.527649629534806293e-03
5.082202985929499574e-03
2.106391535779865778e-02
8.150456926117956302e-02
2.305731338729669344e-01
4.106782592865182435e-01
6.016519961419607432e-01
7.404724150036330332e-01
8.226583475723322492e-01
8.775888787963376236e-01
9.119785311456797272e-01
