7.575209223635112889e-08
1.672352864458005938e-07
3.773303562901732902e-07
8.567059724869991044e-07
2.000638327593641525e-06
4.799395842750134185e-06
1.174496576522233726e-05
2.946543464784927757e-05
7.443337861503069523e-05
2.071638631452032151e-04
5.766827435073949935e-04
1.727439290861715890e-03
5.470276285309736385e-03
1.972559683581934925e-02
7.652671967576042678e-02
2.128555030616704480e-01
4.135078885097213663e-01
5.948458733912905805e-01
7.265456118619411097e-01
8.204309910004203843e-01
8.744119946194073290e-01
9.124405901880817682e-01
