6.115048902477080556e-08
1.345258452370438808e-07
2.935815070587905184e-07
6.893038406080828003e-07
1.626517848497077432e-06
3.871866486602946764e-06
9.373297134546828890e-06
2.374513166337786316e-05
5.983119991334475920e-05
1.706525516793677482e-04
4.637290658271929988e-04
1.433915705399277200e-03
5.145563654741822091e-03
2.000737981041226729e-02
6.867956442487585522e-02
1.970339024794518223e-01
3.778457933556575443e-01
5.754826822531255992e-01
7.380206210654622900e-01
8.293138487144036120e-01
8.896461455145565633e-01
9.167825123906756524e-01
