7.129762952671035046e-08
1.557120269354673427e-07
3.457088102317983096e-07
7.877656874835664947e-07
2.335220413856382429e-06
5.482911399997263563e-06
1.317453801381134614e-05
3.127573978133908723e-05
8.243054345472975353e-05
2.298472722104865566e-04
7.089629963718816407e-04
2.150108003010559217e-03
6.889680246826569189e-03
2.190702708110815744e-02
7.452300840119550907e-02
2.038934107274970320e-01
4.273433146405742900e-01
6.006224711596730437e-01
7.388116397753431430e-01
8.272132782378412985e-01
8.787961098934482518e-01
9.151061017928712182e-01
