7.756496076104864146e-08
1.677942429074997222e-07
3.707451809339187746e-07
8.478845557878827826e-07
2.017325843453475163e-06
4.811303944202902411e-06
1.177459617008726829e-05
2.968159858227089709e-05
7.487915325419897616e-05
2.167859939782894796e-04
6.466582731649558663e-04
2.000351768477042890e-03
6.506729903539911451e-03
2.326290370132598137e-02
7.442869584153720408e-02
1.957774372428865706e-01
3.820254240234151610e-01
5.702858149612028971e-01
7.152973717559775180e-01
8.288711295078227126e-01
8.814105863859078571e-01
9.125490464903083243e-01
