6.425086959914074682e-08
1.383678239865130207e-07
3.034340945281237052e-07
6.665486024951491044e-07
1.551398802097497493e-06
3.802376375952206664e-06
8.859401747231213656e-06
2.330338268245606712e-05
5.996522543195344506e-05
1.652953110669830533e-04
4.384166911619796032e-04
1.367720748070783924e-03
4.524398609453902063e-03
1.561396371668077009e-02
5.913727475273310163e-02
1.700352049563296497e-01
3.260185718557833123e-01
4.972924318509465702e-01
6.835173341151065118e-01
8.155629190289365171e-01
8.725399935644247984e-01
9.106765301207945251e-01
